0 167
0 169
0 174
0 176
0 261
0 0
3 168
3 175
3 170
3 170
4 168
7 170
9 172
11 168
11 171
12 172
15 165
15 167
16 171
16 171
17 170
17 171
17 168
18 165
18 167
19 169
20 169
20 173
21 168
22 170
23 169
24 169
24 173
25 170
26 171
27 169
27 172
28 173
29 171
30 174
30 172
31 170
32 171
32 172
33 174
34 170
35 172
35 174
35 172
38 171
38 169
40 173
41 172
41 169
41 174
44 172
44 174
44 172
48 174
50 176
50 172
52 174
54 179
54 177
55 176
56 176
57 177
57 174
59 176
60 173
61 174
63 175
63 173
63 175
66 176
67 175
74 174
74 176
74 176
77 174
77 174
77 176
82 174
82 176
82 176
84 174
84 177
85 176
86 176
87 174
87 174
87 177
90 173
90 174
91 176
91 178
95 176
97 177
98 176
99 173
101 176
102 177
107 176
107 176
107 178
117 173
117 175
118 176
122 177
124 176
125 178
126 175
127 176
129 172
129 175
130 170
130 173
132 172
133 169
134 170
135 168
136 169
138 169
139 168
141 167
141 169
141 169
146 166
147 167
149 164
151 166
154 164
154 166
155 167
155 165
158 164
159 165
160 163
161 164
162 164
163 163
163 162
163 159
165 160
166 159
167 162
168 165
169 164
172 164
173 162
173 160
174 166
174 166
175 164
175 168
177 166
177 160
178 166
178 166
178 164
181 167
182 170
182 165
182 168
184 169
185 165
185 165
186 166
189 169
189 165
189 167
189 168
190 168
192 168
193 169
194 167
195 168
196 166
197 167
199 167
200 166
203 169
205 168
205 167
206 169
208 170
208 168
208 168
209 165
210 167
211 168
212 165
213 167
213 169
213 167
217 169
217 169
217 167
217 167
219 1
219 171
221 171
221 170
224 167
226 168
227 169
227 1
228 171
234 169
235 168
237 172
239 169
239 168
240 174
240 172
241 172
241 170
244 168
244 170
247 171
248 172
249 172
250 171
252 173
253 172
258 174
259 173
261 175
262 174
263 176
264 175
266 178
266 176
266 178
271 178
271 180
271 178
271 176
282 177
283 176
285 176
286 177
291 177
292 176
293 176
294 177
295 179
296 178
296 176
307 181
307 179
307 181
309 180
310 181
312 181
312 178
315 178
315 181
318 179
319 180
321 177
322 179
322 181
323 178
324 177
325 179
326 178
333 4
333 2
335 178
336 179
339 179
340 178
346 180
347 179
347 5
348 4
350 180
350 182
350 182
352 3
353 2
355 2
355 181
356 182
356 3
363 182
364 181
371 181
372 183
372 182
374 181
376 3
377 184
377 2
378 183
379 185
380 184
381 2
382 3
390 186
390 3
391 185
391 2
393 185
394 186
395 186
396 185
397 2
397 185
398 3
398 186
402 4
402 2
402 2
409 3
410 2
412 184
413 185
419 183
420 184
425 182
426 183
428 260
431 181
432 182
433 260
441 180
442 181
445 182
445 180
445 180
448 179
449 180
455 178
456 179
461 3
461 5
463 177
464 178
465 3
465 5
467 261
468 176
468 260
469 2
469 177
470 3
471 3
472 2
483 2
484 3
486 260
486 175
487 176
490 174
491 175
493 3
494 2
498 174
498 176
498 174
504 2
505 3
506 3
507 2
509 2
510 3
515 173
516 174
525 172
526 173
529 5
529 5
530 2
542 171
543 2
543 172
543 4
552 172
553 171
556 2
556 4
558 4
558 2
563 173
564 172
569 171
569 173
569 173
570 4
570 2
573 172
574 171
589 171
590 172
606 170
607 171
613 169
614 170
618 168
619 2
619 169
620 1
625 167
626 168
628 166
629 167
639 165
640 166
646 164
647 165
660 163
661 164
675 162
676 163
688 0
688 161
688 2
689 162
690 2
690 0
691 1
701 160
702 161
703 2
703 0
706 2
707 1
710 1
711 2
730 159
731 160
744 158
745 159
751 2
751 0
759 157
760 158
766 156
767 157
777 155
778 156
785 154
786 155
795 3
795 153
796 154
796 2
798 154
799 153
800 2
801 3
802 153
803 154
808 152
809 153
819 151
820 152
827 150
828 151
837 149
838 150
849 148
850 149
854 147
855 148
858 146
859 147
868 145
869 146
876 144
877 145
884 143
885 144
896 142
897 143
902 141
903 142
910 140
911 141
917 139
918 140
925 138
926 139
935 137
936 138
942 136
943 137
953 135
954 136
961 134
962 135
964 133
965 134
973 132
974 133
976 131
977 132
984 130
985 131
985 1
991 129
992 130
996 128
997 129
1001 127
1002 128
1007 126
1008 127
1013 125
1013 1
1014 126
1014 2
1022 124
1023 125
1028 123
1029 124
1037 122
1038 123
1049 121
1050 122
1055 120
1056 121
1066 119
1067 120
1079 118
1080 119
1091 1
1094 117
1095 118
1117 116
1118 117
1138 117
1139 116
1142 117
1142 117
1142 115
1167 114
1168 115
1180 117
1181 116
1181 114
1181 130
1182 127
1183 115
1184 130
1185 114
1185 117
1185 127
1186 115
1194 113
1195 114
1201 112
1202 113
1205 113
1206 112
1208 112
1209 113
1213 254
1215 252
1216 256
1217 257
1217 257
1217 253
1218 259
1218 252
1218 111
1219 112
1219 254
1220 257
1220 253
1221 259
1221 261
1222 256
1222 113
1222 111
1222 254
1223 126
1223 257
1223 114
1223 124
1224 117
1224 258
1224 115
1224 115
1224 258
1226 259
1226 124
1226 126
1226 114
1226 112
1227 258
1227 115
1229 259
1235 111
1236 112
1246 110
1247 111
1303 111
1304 110
1310 1
1319 112
1320 111
1341 113
1342 112
1349 114
1350 113
1362 2
1363 1
1366 114
1366 116
1366 114
1368 115
1369 114
1377 116
1378 115
1389 117
1390 116
1396 118
1397 117
1406 119
1407 118
1415 120
1416 119
1427 121
1428 120
1436 1
1437 2
1439 122
1440 121
1442 2
1443 1
1448 1
1448 123
1449 2
1449 122
1454 124
1455 123
1463 125
1464 124
1471 126
1472 125
1479 127
1480 126
1484 128
1485 127
1488 129
1489 128
1495 130
1496 129
1500 131
1501 130
1505 132
1506 1
1506 131
1509 133
1510 132
1519 134
1520 133
1522 135
1523 134
1527 136
1528 135
1533 137
1534 136
1540 138
1541 137
1544 139
1545 138
1550 140
1551 139
1555 141
1556 140
1559 142
1560 141
1563 143
1564 142
1570 144
1571 143
1572 145
1573 144
1578 146
1579 145
1580 147
1581 146
1585 148
1586 147
1593 149
1594 148
1598 150
1599 149
1601 151
1602 150
1606 152
1607 151
1611 153
1612 152
1617 154
1618 153
1621 155
1622 154
1626 156
1627 155
1634 156
1634 158
1634 158
1641 159
1642 158
1644 160
1645 159
1650 161
1651 160
1653 162
1654 161
1662 163
1663 162
1664 164
1665 163
1669 165
1670 164
1677 166
1678 165
1683 167
1684 166
1687 168
1688 167
1690 169
1691 168
1701 170
1702 169
1706 171
1707 170
1716 172
1717 171
1723 173
1724 172
1727 174
1728 173
1729 173
1730 174
1731 174
1732 173
1737 175
1738 174
1741 176
1742 175
1748 177
1749 176
1755 177
1755 179
1755 179
1767 180
1768 179
1769 181
1770 180
1774 180
1775 181
1776 181
1777 180
1778 182
1779 181
1782 183
1783 182
1793 184
1794 183
1797 185
1798 184
1807 186
1808 185
1811 187
1812 186
1815 187
1815 187
1815 189
1819 188
1820 187
1826 189
1827 188
1838 190
1839 189
1848 189
1848 0
1848 191
1848 261
