0 159
0 161
0 264
0 0
1 161
2 160
4 162
5 161
6 163
6 160
7 162
8 162
9 163
9 160
15 164
15 164
15 166
15 162
30 164
30 164
30 166
36 165
37 164
38 164
39 165
44 166
46 164
47 166
47 166
47 164
50 166
50 163
50 161
51 167
52 164
53 161
53 163
54 164
55 165
56 166
57 169
57 167
57 167
61 169
64 168
65 167
75 168
75 170
75 168
81 171
82 170
82 168
84 169
87 171
87 168
88 169
96 167
97 168
107 168
108 167
113 167
114 168
115 166
116 167
119 167
120 166
126 165
128 167
130 163
133 164
133 163
134 165
135 165
136 164
140 163
140 165
140 165
141 160
142 161
143 158
145 163
145 160
146 160
147 163
148 158
148 166
148 161
149 164
150 161
151 160
151 167
157 160
157 162
158 163
166 163
168 160
170 164
171 163
172 161
173 163
174 164
175 161
178 164
179 163
182 167
185 163
185 167
186 164
189 165
190 167
191 164
191 163
192 165
194 167
200 171
205 171
205 165
206 164
209 173
209 170
211 172
211 169
212 170
212 173
212 175
213 174
214 165
214 171
214 169
214 169
215 172
216 174
217 169
217 168
219 171
223 170
225 171
225 168
226 170
227 174
229 173
230 174
233 173
234 169
236 170
236 173
237 170
237 169
239 169
239 172
240 170
241 172
242 169
242 171
247 173
248 172
252 172
253 173
255 177
257 176
257 172
258 174
258 177
260 176
261 172
261 174
261 174
261 174
264 172
264 174
264 176
265 177
265 177
266 175
268 177
268 176
269 175
270 175
271 176
274 176
275 175
277 182
277 179
280 180
281 179
282 179
283 180
286 178
287 179
288 183
289 182
289 176
289 178
290 182
291 183
292 183
293 182
296 183
296 181
296 183
299 182
300 181
304 182
304 184
304 184
307 185
308 184
313 184
314 185
323 185
324 184
325 186
326 185
336 186
336 186
336 188
356 187
357 186
358 188
359 187
360 187
361 188
362 189
366 188
367 189
367 187
369 189
370 188
373 190
374 189
376 191
377 190
384 190
385 191
388 191
389 190
390 192
391 191
396 191
397 192
399 191
399 193
399 191
401 192
402 191
408 194
410 192
411 193
412 194
417 194
418 193
421 195
422 194
425 263
427 261
428 262
431 262
432 261
433 264
439 262
442 196
443 195
445 195
446 196
448 195
448 197
448 195
452 195
452 195
452 197
465 262
467 263
467 261
468 262
472 263
472 263
480 196
480 263
480 263
481 195
482 195
483 196
484 196
484 260
485 195
488 262
491 197
492 196
519 198
520 197
539 197
540 198
572 263
576 263
580 196
581 197
585 195
586 196
604 194
605 195
616 193
617 194
622 192
623 193
624 193
625 192
627 192
628 193
638 191
639 192
643 190
644 191
650 189
651 190
653 188
654 189
663 187
664 263
664 188
666 188
667 187
668 263
669 187
670 188
671 186
672 187
682 186
682 186
682 184
688 183
689 184
693 182
694 183
715 181
716 182
726 180
727 181
730 179
731 180
735 178
736 179
742 179
743 178
744 178
745 179
753 177
754 178
764 176
765 177
768 175
769 176
770 176
771 175
773 175
774 176
781 177
781 175
781 175
789 174
790 175
799 173
800 174
802 175
802 173
802 173
807 172
808 173
843 171
844 172
878 173
878 171
878 171
885 172
886 171
907 173
908 172
927 174
928 173
936 175
937 174
952 176
953 175
972 177
973 176
978 178
979 177
983 179
984 178
998 180
999 179
1001 181
1002 180
1012 182
1013 181
1022 183
1023 182
1029 183
1029 185
1029 183
1032 184
1033 183
1036 185
1037 184
1041 186
1042 185
1049 187
1050 186
1062 188
1063 187
1069 189
1070 188
1075 190
1076 189
1080 191
1081 190
1084 192
1085 191
1089 191
1090 192
1093 192
1094 191
1100 193
1101 192
1103 194
1104 193
1110 195
1111 194
1117 196
1118 195
1122 195
1123 196
1124 196
1125 195
1126 197
1127 196
1128 196
1129 197
1130 197
1131 196
1136 198
1137 197
1138 199
1139 198
1140 262
1144 263
1145 198
1145 262
1146 199
1147 264
1148 199
1148 263
1148 263
1149 198
1156 263
1156 200
1157 199
1157 264
1160 264
1161 263
1166 201
1167 200
1169 263
1169 263
1170 200
1171 201
1177 204
1178 202
1178 200
1179 210
1180 212
1180 206
1180 204
1182 210
1182 211
1183 214
1183 205
1183 212
1184 201
1185 211
1186 202
1186 205
1187 201
1189 203
1190 202
1194 264
1195 263
1195 263
1196 202
1197 203
1199 201
1200 202
1205 201
1205 203
1205 264
1205 203
1207 263
1210 264
1210 204
1211 263
1211 203
1212 255
1212 263
1212 252
1215 263
1216 255
1216 257
1217 258
1217 253
1217 264
1218 263
1218 259
1218 261
1218 252
1219 260
1219 205
1220 204
1220 253
1220 255
1221 256
1221 261
1222 257
1222 205
1222 207
1222 257
1222 209
1223 208
1223 211
1224 253
1225 213
1225 215
1225 209
1226 210
1226 257
1226 260
1226 211
1227 208
1228 253
1228 205
1228 263
1228 213
1229 260
1229 210
1229 263
1230 206
1230 208
1231 205
1232 205
1233 206
1235 204
1236 205
1237 203
1238 204
1238 263
1242 203
1242 205
1242 203
1244 204
1245 203
1249 205
1250 204
1252 205
1252 205
1252 207
1264 207
1264 205
1264 205
1274 204
1275 205
1285 264
1286 263
1287 206
1287 204
1287 206
1288 263
1289 205
1290 206
1290 207
1292 205
1294 206
1295 207
1299 205
1300 206
1306 263
1307 204
1308 205
1309 205
1310 204
1316 263
1317 204
1318 205
1329 203
1330 204
1340 204
1341 203
1353 205
1354 204
1356 203
1356 205
1356 205
1366 204
1367 203
1373 203
1374 204
1375 204
1376 203
1378 203
1379 204
1383 202
1384 203
1392 201
1393 202
1409 200
1409 263
1410 201
1414 263
1417 199
1418 200
1420 198
1421 199
1429 197
1430 198
1436 196
1437 197
1440 197
1441 196
1442 196
1443 197
1445 195
1446 196
1451 197
1451 195
1451 195
1454 194
1455 195
1462 193
1463 194
1464 192
1465 193
1475 191
1476 192
1489 190
1490 191
1497 189
1498 190
1515 188
1516 189
1518 189
1519 188
1520 188
1521 189
1523 188
1523 186
1523 188
1528 183
1528 185
1529 186
1530 187
1531 183
1531 185
1533 186
1534 187
1538 186
1538 184
1538 186
1544 185
1545 184
1551 184
1552 185
1566 183
1567 184
1582 182
1583 183
1587 181
1588 182
1590 182
1591 181
1637 183
1638 182
1641 183
1641 183
1641 185
1642 186
1653 182
1654 183
1659 183
1660 182
1662 182
1663 183
1669 183
1670 182
1671 182
1672 183
1684 180
1688 180
1696 181
1697 182
1719 179
1721 181
1724 180
1725 179
1733 179
1734 180
1745 180
1746 179
1748 182
1755 180
1759 183
1760 182
1772 182
1773 183
1778 184
1778 182
1778 184
1779 182
1781 184
1783 183
1784 182
1785 181
1787 183
1788 182
1789 181
1790 183
1791 182
1800 185
1803 183
1804 185
1804 183
1804 185
1806 184
1807 183
1816 185
1817 184
1827 184
1828 185
1834 186
1834 186
1834 184
1847 264
1847 187
1847 185
1847 0
