0 178
0 180
0 182
0 0
0 184
0 186
0 264
1 180
2 179
2 185
3 179
4 180
4 184
5 182
5 184
6 183
6 186
8 182
8 184
8 179
9 185
9 182
10 187
10 188
12 186
12 185
13 188
13 182
15 188
15 185
16 187
17 187
18 188
20 187
23 185
23 189
23 185
23 183
24 188
25 182
25 187
26 183
28 182
28 189
28 184
29 185
29 185
30 188
32 185
33 187
34 188
36 185
36 187
36 187
40 186
41 185
42 188
44 186
44 189
45 188
45 186
47 189
49 189
50 188
50 186
57 188
57 190
58 189
59 191
60 190
60 188
61 188
61 195
62 193
62 187
62 185
63 192
64 196
64 191
65 185
65 188
67 194
67 192
67 189
67 194
67 192
70 194
71 192
74 191
74 193
74 189
75 192
77 190
77 186
77 190
78 193
81 192
83 190
83 190
84 186
84 198
85 191
86 192
89 193
89 191
89 191
89 189
94 193
95 198
95 198
95 191
97 199
98 197
98 194
98 195
98 197
100 199
100 189
100 199
100 191
101 192
102 192
102 190
104 193
104 196
104 196
105 191
105 192
106 190
106 188
106 190
107 198
107 194
108 191
110 191
110 189
111 188
115 186
117 189
118 190
120 189
121 190
121 186
123 189
123 194
123 196
123 189
124 188
125 187
125 185
126 196
127 194
128 184
129 185
133 184
133 186
134 185
134 183
138 182
139 183
143 182
143 180
143 182
154 181
155 180
156 180
156 179
156 177
157 181
159 178
160 177
160 179
160 177
161 180
165 182
166 177
166 179
168 182
168 184
168 182
171 178
171 181
172 182
173 184
173 182
174 178
175 185
176 182
176 184
178 187
178 185
179 188
179 186
180 182
182 187
182 184
182 187
185 184
185 182
186 183
188 180
188 182
189 183
189 187
190 188
190 191
192 182
192 186
192 180
192 189
192 180
193 183
193 177
194 191
194 178
195 188
195 181
195 185
196 178
196 177
196 181
197 179
198 183
198 188
199 181
199 187
199 178
201 191
202 188
202 190
203 190
204 191
206 188
206 186
207 192
207 190
207 193
208 185
209 186
209 188
210 2
211 187
211 189
211 187
211 1
211 185
211 191
212 201
213 192
213 198
213 195
214 189
214 191
214 187
214 196
215 201
215 201
215 199
215 203
216 194
217 1
218 199
218 200
218 2
223 201
223 199
224 198
224 200
224 198
224 196
227 200
227 196
227 198
227 201
228 199
229 202
230 198
230 200
230 197
231 194
231 196
231 189
236 199
236 197
237 203
237 202
237 204
237 194
237 200
237 189
238 201
238 200
241 204
243 200
245 200
248 200
248 200
248 203
249 202
250 201
251 200
252 200
252 205
253 203
253 203
253 203
253 201
254 206
255 205
256 203
256 200
260 206
260 208
260 206
260 204
265 201
265 203
266 206
268 203
268 201
278 206
281 204
281 206
281 206
282 207
282 207
288 1
302 207
302 209
302 207
304 206
305 207
306 205
307 206
307 207
309 1
309 205
309 208
310 207
311 207
312 208
316 205
317 1
318 207
320 207
320 1
320 205
320 207
323 207
323 207
324 206
324 204
328 205
329 204
331 208
331 206
332 205
339 205
340 206
355 206
356 205
361 207
362 206
368 207
368 209
369 208
370 205
370 207
372 1
374 205
374 207
375 208
375 208
387 207
388 208
395 208
396 207
398 207
399 208
400 208
401 207
407 1
411 210
411 208
411 208
414 209
415 208
417 1
417 208
418 209
419 209
420 208
424 264
426 263
427 264
430 2
431 1
431 264
432 263
437 263
440 1
441 2
442 2
443 1
454 1
457 1
458 2
464 264
466 263
467 264
473 2
474 1
479 2
479 0
482 2
483 1
485 264
486 263
487 2
487 0
487 2
488 208
488 264
489 209
490 209
491 208
497 210
498 209
501 0
506 209
507 1
507 210
508 1
509 2
523 1
523 1
562 1
574 208
575 209
580 209
581 208
587 208
588 209
590 209
591 208
601 208
602 209
603 209
604 208
624 208
625 209
628 209
629 208
631 208
632 209
671 207
672 208
687 208
688 207
689 207
690 208
711 206
712 207
722 207
723 206
732 206
733 207
736 207
737 206
753 206
754 207
765 207
766 206
776 206
777 207
821 207
822 206
824 206
825 207
830 207
831 206
855 206
856 207
864 207
865 206
927 206
928 207
931 207
932 206
1025 264
1028 264
1038 206
1039 207
1042 207
1043 206
1107 208
1108 207
1139 263
1140 208
1140 208
1140 210
1144 263
1145 207
1146 208
1162 208
1163 207
1164 207
1165 208
1172 206
1173 207
1174 207
1175 206
1176 208
1176 210
1176 211
1177 207
1179 208
1179 214
1180 213
1180 211
1181 223
1182 210
1184 214
1185 210
1185 208
1185 210
1201 207
1202 208
1205 208
1206 207
1211 254
1211 256
1214 208
1214 208
1214 256
1214 210
1214 258
1215 259
1216 255
1216 260
1217 261
1217 254
1218 262
1219 263
1219 255
1219 257
1220 210
1220 208
1220 258
1220 210
1220 258
1222 214
1222 259
1223 212
1223 210
1223 255
1223 217
1223 258
1224 215
1225 259
1225 214
1225 261
1225 211
1226 217
1226 209
1227 215
1227 255
1228 211
1228 261
1231 208
1232 209
1238 207
1239 208
1246 209
1246 209
1246 207
1248 208
1249 209
1250 1
1252 209
1253 208
1254 1
1255 208
1256 209
1263 209
1264 208
1266 208
1267 209
1268 209
1269 208
1274 208
1275 209
1279 209
1280 208
1348 209
1348 209
1348 211
1364 210
1365 209
1367 209
1368 210
1381 210
1382 209
1383 209
1384 210
1403 210
1404 209
1414 209
1415 210
1425 210
1426 209
1435 209
1436 210
1447 210
1448 209
1468 209
1469 210
1470 210
1471 209
1480 209
1481 210
1490 209
1490 209
1490 211
1523 210
1524 209
1532 209
1533 210
1563 208
1564 209
1565 209
1566 208
1595 208
1596 209
1600 207
1601 208
1610 208
1611 207
1687 207
1688 208
1691 208
1692 207
1696 207
1697 208
1699 206
1700 207
1706 207
1707 206
1717 206
1718 207
1728 205
1729 206
1733 206
1734 205
1742 207
1743 206
1752 208
1753 207
1757 207
1758 208
1759 208
1760 207
1772 209
1773 208
1783 208
1784 209
1789 209
1790 208
1799 208
1800 209
1846 207
1846 0
1846 264
1846 209
