0 265
0 0
2 155
6 157
8 155
9 156
10 157
11 157
12 156
16 156
17 157
18 157
19 156
21 156
22 157
23 157
24 156
30 158
31 157
38 159
39 158
45 159
45 159
45 157
49 158
50 157
60 157
61 158
91 159
91 157
92 158
92 156
96 157
97 156
98 158
99 157
107 157
108 158
114 158
115 157
117 157
118 158
120 156
121 157
123 157
124 156
130 158
131 157
134 157
135 158
136 154
137 2
137 0
140 2
140 0
143 156
144 157
145 154
146 153
148 156
148 156
148 152
149 153
149 154
150 153
151 152
152 156
152 156
152 158
152 156
154 154
155 153
155 156
158 153
159 154
163 151
163 153
163 153
164 153
166 151
170 1
175 152
175 1
176 154
176 153
179 152
180 155
181 154
184 156
185 155
187 157
188 156
188 1
193 1
195 156
196 157
197 157
198 156
204 158
205 157
206 2
207 1
209 157
210 158
210 1
211 2
211 0
213 158
214 157
220 2
221 1
223 157
224 2
224 0
224 158
225 158
226 2
226 157
226 0
227 159
228 158
229 0
231 1
232 2
233 2
234 1
235 158
236 159
243 157
244 1
244 158
246 1
247 2
250 159
250 157
250 157
250 0
250 2
251 155
253 158
254 155
254 157
257 1
258 0
266 1
269 1
270 0
284 159
285 158
292 2
292 2
294 159
294 159
294 161
301 160
302 159
304 159
305 160
319 160
320 159
327 159
328 160
329 161
332 159
340 162
341 161
378 162
378 162
378 164
391 161
392 162
397 162
398 161
413 164
415 162
415 163
416 164
419 165
421 166
421 163
422 165
426 166
426 166
427 165
427 163
428 264
430 263
431 264
433 165
433 165
433 163
434 264
435 263
442 264
449 166
450 165
451 167
452 166
456 165
456 167
456 167
458 166
459 165
462 2
466 2
468 264
471 262
471 265
472 264
478 167
479 166
482 265
484 169
484 169
484 167
488 262
491 264
497 1
498 2
499 2
500 1
504 170
505 169
508 171
509 170
513 170
514 171
515 1
516 2
518 169
519 170
521 171
523 169
523 170
524 171
526 170
526 172
526 169
527 173
528 170
529 172
529 169
533 170
538 171
539 172
541 171
541 171
541 169
544 172
545 169
545 171
552 1
556 169
558 172
560 1
561 171
563 169
567 170
568 171
570 171
571 170
572 170
573 171
577 171
578 170
580 170
581 171
586 169
587 170
596 168
597 169
598 167
599 168
603 168
604 167
605 169
606 168
607 168
608 169
609 169
610 168
612 168
613 169
629 167
630 168
636 167
636 165
636 167
642 166
643 165
646 165
647 166
650 166
651 165
697 167
698 166
705 1
708 166
709 167
715 167
716 166
718 168
719 167
721 1
725 170
725 168
725 170
728 1
732 169
733 170
735 170
736 169
750 172
756 170
757 171
758 172
764 1
774 172
775 171
779 1
779 171
780 172
782 1
788 172
789 171
804 1
807 1
821 173
822 172
823 172
824 173
825 173
826 172
829 1
832 172
833 173
836 1
837 173
838 172
845 172
846 173
856 173
857 172
865 174
866 173
868 173
869 174
869 1
869 1
872 174
873 173
884 1
899 175
900 174
908 1
911 176
912 175
919 175
920 176
922 176
923 175
941 177
942 176
956 178
957 177
971 178
971 178
971 180
978 179
979 178
981 180
981 1
982 179
989 1
1002 1
1002 181
1003 180
1015 1
1016 182
1017 181
1032 183
1033 182
1068 184
1069 183
1077 183
1078 184
1088 182
1089 183
1091 183
1092 182
1097 182
1098 183
1118 181
1119 182
1122 180
1123 181
1131 179
1132 180
1133 180
1134 179
1135 2
1135 179
1136 1
1136 180
1137 1
1138 2
1138 181
1138 179
1138 179
1140 1
1143 264
1145 265
1145 265
1148 178
1149 179
1150 264
1154 1
1158 177
1159 1
1159 178
1168 176
1169 177
1169 1
1171 264
1173 1
1180 265
1182 265
1184 197
1184 200
1184 192
1186 178
1186 176
1186 176
1187 200
1187 192
1190 175
1191 1
1191 176
1192 264
1193 177
1193 175
1193 175
1195 174
1196 175
1201 173
1202 174
1204 173
1204 173
1204 175
1211 172
1212 173
1215 256
1217 254
1218 258
1219 1
1219 259
1219 255
1220 254
1220 260
1221 261
1221 256
1222 255
1222 262
1222 173
1223 263
1223 172
1224 264
1224 256
1224 264
1224 258
1225 259
1225 259
1225 178
1226 173
1226 187
1226 175
1227 256
1227 183
1228 178
1228 2
1228 2
1229 187
1229 175
1229 259
1229 263
1230 183
1230 174
1231 171
1231 173
1231 256
1232 263
1233 172
1234 171
1234 170
1236 172
1237 170
1237 168
1237 170
1238 1
1239 169
1240 1
1240 168
1241 2
1247 1
1250 2
1251 1
1253 168
1254 169
1258 167
1259 168
1260 1
1261 2
1263 2
1264 1
1265 167
1265 169
1265 167
1274 166
1275 167
1279 165
1280 166
1289 1
1290 2
1291 164
1292 165
1299 163
1300 164
1302 165
1302 163
1302 163
1311 264
1313 264
1317 264
1320 162
1321 163
1331 2
1332 1
1340 1
1341 2
1342 161
1343 162
1370 162
1371 161
1371 2
1372 1
1372 161
1373 162
1373 1
1374 2
1388 162
1389 161
1411 163
1412 162
1422 164
1423 163
1450 165
1451 164
1457 165
1457 167
1457 165
1462 166
1463 165
1472 167
1473 1
1473 166
1487 168
1488 167
1494 169
1495 168
1505 170
1506 169
1509 171
1510 170
1515 173
1515 171
1515 171
1523 172
1524 171
1532 173
1533 172
1547 174
1548 173
1559 175
1560 174
1563 176
1564 175
1570 177
1571 176
1589 178
1590 177
1597 179
1598 178
1607 178
1608 179
1609 180
1611 178
1614 180
1614 182
1614 182
1617 183
1618 182
1619 182
1620 183
1624 182
1624 182
1624 184
1628 183
1629 182
1633 185
1635 183
1639 184
1640 185
1643 185
1644 184
1651 186
1652 185
1661 187
1662 186
1679 188
1680 187
1682 187
1683 188
1684 188
1685 187
1691 189
1692 188
1694 188
1695 189
1706 189
1707 188
1709 188
1710 189
1713 189
1714 188
1727 190
1728 189
1730 191
1731 190
1733 190
1734 191
1735 191
1736 190
1750 192
1751 191
1753 192
1753 192
1753 194
1758 193
1759 192
1763 192
1764 193
1766 194
1769 192
1773 195
1774 194
1794 196
1795 195
1800 195
1801 196
1808 196
1809 195
1812 195
1813 196
1816 196
1817 195
1824 196
1824 196
1824 198
1831 196
1831 196
1831 198
1836 197
1837 196
1838 198
1839 197
1850 265
1850 199
1850 197
1850 0
