0 253
0 0
1 124
3 125
4 124
6 124
7 125
10 123
11 124
12 122
13 123
20 121
21 122
28 120
29 121
38 119
39 120
43 118
44 119
46 119
47 118
52 118
53 119
54 117
55 118
76 116
77 117
112 115
113 116
114 116
115 115
118 115
119 116
138 115
138 115
138 113
142 112
143 114
143 113
145 112
147 112
149 114
187 111
188 112
202 110
203 111
209 109
210 110
229 108
230 109
237 107
238 108
248 106
249 107
261 105
262 106
282 104
283 105
326 103
327 104
328 104
329 103
423 105
424 104
456 106
457 105
466 107
467 106
473 108
474 107
485 109
486 108
494 109
494 109
494 111
496 110
497 109
514 111
515 110
518 112
519 111
526 113
527 112
535 114
536 113
543 115
544 114
546 116
547 115
554 117
555 116
558 118
559 117
570 119
571 118
573 120
574 119
579 121
580 120
587 122
588 121
592 123
593 122
597 124
598 123
604 125
605 124
612 126
613 125
615 127
616 126
620 128
621 127
626 129
627 128
633 130
634 129
639 131
640 130
642 132
643 131
645 133
646 132
654 134
655 133
659 135
660 134
664 136
665 135
667 137
668 136
673 137
673 139
673 139
683 141
683 141
683 139
688 142
689 141
695 143
696 142
698 144
699 143
703 145
704 144
705 146
706 145
709 147
710 146
716 148
717 147
719 149
720 148
722 150
723 149
724 149
725 150
727 150
728 149
730 151
731 150
734 152
735 151
738 153
739 152
742 154
743 153
745 155
746 154
751 156
752 155
755 157
756 156
759 158
760 157
764 159
765 158
766 160
767 159
772 161
773 160
776 162
777 161
778 163
779 162
787 164
788 163
798 165
799 164
802 167
802 165
802 167
804 168
805 167
807 167
808 168
810 168
811 167
817 169
818 168
820 170
821 169
823 171
824 170
826 172
827 171
835 173
836 172
840 174
841 173
846 175
847 174
851 175
851 177
851 175
858 176
859 175
860 177
861 176
864 178
865 177
873 179
874 178
875 180
876 179
884 181
885 180
888 183
888 181
888 181
890 182
891 181
894 183
895 182
906 184
907 183
916 185
917 184
926 186
927 185
935 187
936 186
943 186
944 187
946 187
947 186
949 188
950 187
961 189
962 188
975 190
976 189
986 191
987 190
999 192
1000 191
1026 193
1027 192
1044 194
1045 193
1083 195
1084 194
1104 196
1105 195
1124 198
1124 196
1124 196
1129 197
1130 196
1136 199
1136 197
1136 197
1140 198
1141 197
1142 197
1143 198
1145 196
1146 197
1153 197
1154 196
1171 197
1171 199
1171 197
1177 198
1178 197
1179 199
1180 198
1181 202
1182 205
1183 199
1184 204
1184 216
1184 202
1185 207
1185 205
1186 201
1187 204
1187 200
1187 216
1188 199
1188 197
1193 198
1194 197
1199 197
1200 198
1201 198
1202 197
1214 199
1214 247
1214 249
1215 198
1216 246
1217 247
1218 198
1218 251
1218 249
1219 199
1219 247
1219 252
1220 253
1220 246
1222 247
1222 249
1223 250
1223 199
1223 250
1224 201
1224 198
1225 204
1225 251
1226 250
1226 248
1226 199
1227 246
1227 201
1227 205
1227 207
1228 251
1228 251
1228 204
1228 251
1229 203
1230 205
1230 202
1230 247
1230 200
1231 251
1235 199
1236 200
1253 200
1254 199
1257 199
1258 200
1271 200
1272 199
1331 201
1332 200
1341 200
1342 201
1343 201
1344 200
1386 202
1387 201
1389 201
1390 202
1417 202
1418 201
1455 201
1456 202
1457 202
1458 201
1471 201
1472 202
1478 202
1479 201
1481 203
1482 202
1483 202
1484 203
1486 201
1487 202
1498 202
1499 201
1516 201
1517 202
1526 203
1528 201
1528 202
1529 203
1558 201
1559 202
1565 200
1566 201
1579 201
1580 200
1605 200
1606 201
1675 199
1676 200
1687 200
1688 199
1704 199
1705 200
1711 198
1712 199
1717 197
1718 198
1729 198
1730 197
1742 199
1743 198
1760 200
1761 199
1779 201
1780 200
1783 200
1784 201
1786 199
1787 200
1789 200
1790 199
1798 201
1799 200
1801 201
1801 201
1801 203
1806 200
1807 201
1818 201
1819 200
1844 200
1845 201
1848 199
1849 200
1849 0
1849 253
